#FFFFFF,#98FB98,#483D8B,#000000
0,0,0,0,0,1,0,0,0,0,0,1,0,0,0,0
0,0,0,0,0,1,1,1,1,1,1,1,0,0,0,0
0,0,0,0,1,1,0,1,1,1,0,1,1,0,0,0
0,0,0,1,1,1,1,1,1,1,1,1,1,1,0,0
0,0,0,1,0,1,1,1,1,1,1,1,0,1,0,0
0,0,0,1,0,1,0,0,0,0,0,1,0,1,0,0
0,0,0,0,0,0,1,1,0,1,1,0,0,0,0,0
0,0,0,0,0,0,0,0,0,0,0,0,0,0,0,0
0,0,0,0,0,0,0,0,3,0,0,0,0,0,0,0
0,0,0,0,0,0,0,0,3,0,0,0,0,0,0,0
0,0,0,0,0,0,0,0,3,0,0,0,0,0,0,0
0,0,0,0,0,0,0,0,0,0,0,0,0,0,0,0
0,0,0,0,0,0,0,0,0,0,0,0,0,0,0,0
0,0,0,0,0,0,0,0,0,0,0,0,0,0,0,0
0,0,0,0,0,0,0,0,0,0,0,0,0,0,0,0